2.1    -1.66112
2.105    -1.65623
2.11    -1.65167
2.115    -1.64468
2.12    -1.64139
2.125    -1.6358
2.13    -1.63027
2.135    -1.62554
2.14    -1.61953
2.145    -1.6147
2.15    -1.60705
2.155    -1.60322
2.16    -1.59761
2.165    -1.59215
2.17    -1.58485
2.175    -1.57786
2.18    -1.57045
2.185    -1.56474
2.19    -1.55694
2.195    -1.5524
2.2    -1.54448
2.205    -1.53904
2.21    -1.52982
2.215    -1.52181
2.22    -1.51564
2.225    -1.50971
2.23    -1.50197
2.235    -1.48925
2.24    -1.48154
2.245    -1.46891
2.25    -1.46109
2.255    -1.45071
2.26    -1.43871
2.265    -1.42927
2.27    -1.41611
2.275    -1.40781
2.28    -1.3943
2.285    -1.38394
2.29    -1.38363
2.295    -1.36256
2.3    -1.35379
2.305    -1.34729
2.31    -1.33016
2.315    -1.32041
2.32    -1.31171
2.325    -1.30664
2.33    -1.29753
2.335    -1.28864
2.34    -1.27974
2.345    -1.27262
2.35    -1.26492
2.355    -1.25889
2.36    -1.25308
2.365    -1.24619
2.37    -1.24044
2.375    -1.23241
2.38    -1.22768
2.385    -1.2219
2.39    -1.21487
2.395    -1.20929
