2.1    2.76269
2.105    2.74784
2.11    2.73054
2.115    2.71454
2.12    2.69747
2.125    2.68144
2.13    2.66379
2.135    2.64777
2.14    2.62855
2.145    2.61005
2.15    2.59262
2.155    2.57476
2.16    2.55371
2.165    2.53643
2.17    2.51688
2.175    2.49783
2.18    2.47712
2.185    2.45801
2.19    2.43702
2.195    2.41297
2.2    2.39105
2.205    2.37198
2.21    2.34616
2.215    2.32725
2.22    2.30222
2.225    2.27545
2.23    2.25253
2.235    2.22367
2.24    2.20018
2.245    2.17399
2.25    2.15069
2.255    2.12067
2.26    2.08374
2.265    2.06035
2.27    2.02845
2.275    1.99778
2.28    1.96821
2.285    1.93642
2.29    1.90181
2.295    1.87054
2.3    1.84895
2.305    1.81379
2.31    1.79115
2.315    1.76292
2.32    1.73749
2.325    1.71276
2.33    1.68916
2.335    1.67216
2.34    1.64993
2.345    1.62979
2.35    1.6095
2.355    1.59218
2.36    1.57554
2.365    1.55723
2.37    1.54189
2.375    1.52421
2.38    1.51099
2.385    1.49482
2.39    1.4814
2.395    1.46759
