2.1    0.748426
2.105    0.658208
2.11    0.61053
2.115    0.662129
2.12    0.732125
2.125    0.714619
2.13    0.715262
2.135    0.705953
2.14    0.695963
2.145    0.701868
2.15    0.690532
2.155    0.680092
2.16    0.672512
2.165    0.673429
2.17    0.66452
2.175    0.640313
2.18    0.635563
2.185    0.628434
2.19    0.629048
2.195    0.608446
2.2    0.609124
2.205    0.599663
2.21    0.597028
2.215    0.581212
2.22    0.570709
2.225    0.537897
2.23    0.518482
2.235    0.509521
2.24    0.484563
2.245    0.469705
2.25    0.469516
2.255    0.415606
2.26    0.404253
2.265    0.362165
2.27    0.344989
2.275    0.318491
2.28    0.263974
2.285    0.193915
2.29    0.175923
2.295    0.191408
2.3    0.178553
2.305    0.132775
2.31    0.0963607
2.315    0.0891191
2.32    0.0918746
2.325    0.0705495
2.33    0.0523896
2.335    0.0442436
2.34    0.0460736
2.345    0.0336082
2.35    0.0336047
2.355    0.038266
2.36    0.0293384
2.365    0.0207282
2.37    0.0261758
2.375    0.0201109
2.38    0.0170971
2.385    0.0186781
2.39    0.0157439
2.395    0.0145716
