2.1    -1.66198
2.105    -1.65721
2.11    -1.65245
2.115    -1.64719
2.12    -1.64244
2.125    -1.63675
2.13    -1.63164
2.135    -1.6263
2.14    -1.6207
2.145    -1.61527
2.15    -1.61045
2.155    -1.6041
2.16    -1.59829
2.165    -1.59165
2.17    -1.58632
2.175    -1.5798
2.18    -1.57242
2.185    -1.56724
2.19    -1.56006
2.195    -1.55365
2.2    -1.54652
2.205    -1.53996
2.21    -1.53264
2.215    -1.52232
2.22    -1.51663
2.225    -1.50849
2.23    -1.50004
2.235    -1.49433
2.24    -1.48375
2.245    -1.47332
2.25    -1.46669
2.255    -1.45543
2.26    -1.44807
2.265    -1.43799
2.27    -1.42651
2.275    -1.41778
2.28    -1.40903
2.285    -1.39725
2.29    -1.38788
2.295    -1.37835
2.3    -1.36556
2.305    -1.35712
2.31    -1.34751
2.315    -1.33947
2.32    -1.33063
2.325    -1.31845
2.33    -1.31138
2.335    -1.30309
2.34    -1.29484
2.345    -1.2855
2.35    -1.27781
2.355    -1.26902
2.36    -1.26261
2.365    -1.25288
2.37    -1.24583
2.375    -1.24082
2.38    -1.23352
2.385    -1.22612
2.39    -1.22061
2.395    -1.21348
