2.1    0.755723
2.105    0.75114
2.11    0.746763
2.115    0.7407
2.12    0.736213
2.125    0.729608
2.13    0.724641
2.135    0.719151
2.14    0.712413
2.145    0.706939
2.15    0.702226
2.155    0.694557
2.16    0.688063
2.165    0.679549
2.17    0.673696
2.175    0.66551
2.18    0.655611
2.185    0.650113
2.19    0.639693
2.195    0.632541
2.2    0.621417
2.205    0.613405
2.21    0.604481
2.215    0.583967
2.22    0.578505
2.225    0.566476
2.23    0.55252
2.235    0.548769
2.24    0.527686
2.245    0.50819
2.25    0.501093
2.255    0.477171
2.26    0.466849
2.265    0.448724
2.27    0.42617
2.275    0.413075
2.28    0.3979
2.285    0.374458
2.29    0.355998
2.295    0.340683
2.3    0.314345
2.305    0.300766
2.31    0.284139
2.315    0.272256
2.32    0.257338
2.325    0.233071
2.33    0.226505
2.335    0.212463
2.34    0.20097
2.345    0.185185
2.35    0.17519
2.355    0.160461
2.36    0.155279
2.365    0.13829
2.37    0.131084
2.375    0.127985
2.38    0.118415
2.385    0.11022
2.39    0.105566
2.395    0.0970613
