2.1    0.866687
2.105    0.864987
2.11    0.86254
2.115    0.859242
2.12    0.856625
2.125    0.853305
2.13    0.850134
2.135    0.847297
2.14    0.843316
2.145    0.838773
2.15    0.835366
2.155    0.832079
2.16    0.824599
2.165    0.822756
2.17    0.817537
2.175    0.812459
2.18    0.808255
2.185    0.80329
2.19    0.797478
2.195    0.789735
2.2    0.781628
2.205    0.777499
2.21    0.767799
2.215    0.763753
2.22    0.753407
2.225    0.741625
2.23    0.730826
2.235    0.716432
2.24    0.707485
2.245    0.694966
2.25    0.683875
2.255    0.667382
2.26    0.637975
2.265    0.628779
2.27    0.6029
2.275    0.579627
2.28    0.556935
2.285    0.529895
2.29    0.499213
2.295    0.466287
2.3    0.458469
2.305    0.421633
2.31    0.402404
2.315    0.374457
2.32    0.350776
2.325    0.332922
2.33    0.308974
2.335    0.304386
2.34    0.283585
2.345    0.265582
2.35    0.250317
2.355    0.242828
2.36    0.235035
2.365    0.219765
2.37    0.21155
2.375    0.199786
2.38    0.198814
2.385    0.186793
2.39    0.183244
2.395    0.180127
