2.1    2.76011
2.105    2.74397
2.11    2.72883
2.115    2.70596
2.12    2.69507
2.125    2.67677
2.13    2.65866
2.135    2.64329
2.14    2.62385
2.145    2.60819
2.15    2.58366
2.155    2.57127
2.16    2.55336
2.165    2.53598
2.17    2.51276
2.175    2.4908
2.18    2.46762
2.185    2.44955
2.19    2.42526
2.195    2.41111
2.2    2.38668
2.205    2.36986
2.21    2.34174
2.215    2.31737
2.22    2.29853
2.225    2.28053
2.23    2.25723
2.235    2.21946
2.24    2.19642
2.245    2.1594
2.25    2.13658
2.255    2.10629
2.26    2.07174
2.265    2.04459
2.27    2.00721
2.275    1.98381
2.28    1.94594
2.285    1.91709
2.29    1.91629
2.295    1.85838
2.3    1.83455
2.305    1.81698
2.31    1.77093
2.315    1.74499
2.32    1.72205
2.325    1.70883
2.33    1.68498
2.335    1.66199
2.34    1.63897
2.345    1.6208
2.35    1.60124
2.355    1.586
2.36    1.57137
2.365    1.55413
2.37    1.53985
2.375    1.51991
2.38    1.50832
2.385    1.49407
2.39    1.47698
2.395    1.46344
