2.1    2.76484
2.105    2.74906
2.11    2.73336
2.115    2.71607
2.12    2.7005
2.125    2.68194
2.13    2.66528
2.135    2.64793
2.14    2.62982
2.145    2.61234
2.15    2.59679
2.155    2.5765
2.16    2.558
2.165    2.53691
2.17    2.52005
2.175    2.49949
2.18    2.47642
2.185    2.46012
2.19    2.43787
2.195    2.41797
2.2    2.396
2.205    2.37582
2.21    2.35346
2.215    2.32231
2.22    2.30507
2.225    2.28057
2.23    2.25528
2.235    2.23812
2.24    2.20695
2.245    2.17639
2.25    2.1569
2.255    2.12433
2.26    2.10297
2.265    2.07397
2.27    2.04138
2.275    2.01652
2.28    1.99184
2.285    1.95882
2.29    1.9328
2.295    1.90644
2.3    1.87144
2.305    1.84831
2.31    1.82227
2.315    1.80061
2.32    1.77689
2.325    1.74454
2.33    1.72582
2.335    1.70403
2.34    1.6824
2.345    1.65818
2.35    1.63834
2.355    1.61582
2.36    1.59953
2.365    1.57477
2.37    1.55703
2.375    1.54457
2.38    1.52631
2.385    1.50798
2.39    1.49443
2.395    1.47697
