2.1    -1.66176
2.105    -1.65729
2.11    -1.65206
2.115    -1.6472
2.12    -1.642
2.125    -1.6371
2.13    -1.6317
2.135    -1.62678
2.14    -1.62085
2.145    -1.61511
2.15    -1.6097
2.155    -1.60414
2.16    -1.59753
2.165    -1.59212
2.17    -1.58595
2.175    -1.57992
2.18    -1.57334
2.185    -1.56725
2.19    -1.56052
2.195    -1.55278
2.2    -1.54567
2.205    -1.53948
2.21    -1.53105
2.215    -1.52485
2.22    -1.51659
2.225    -1.50772
2.23    -1.50004
2.235    -1.49036
2.24    -1.48244
2.245    -1.47354
2.25    -1.46561
2.255    -1.4553
2.26    -1.44249
2.265    -1.43436
2.27    -1.42315
2.275    -1.4123
2.28    -1.40177
2.285    -1.39037
2.29    -1.37792
2.295    -1.36651
2.3    -1.35861
2.305    -1.34566
2.31    -1.33724
2.315    -1.32668
2.32    -1.3171
2.325    -1.30771
2.33    -1.2987
2.335    -1.29216
2.34    -1.28357
2.345    -1.27573
2.35    -1.26778
2.355    -1.26096
2.36    -1.25435
2.365    -1.24707
2.37    -1.24092
2.375    -1.23379
2.38    -1.22843
2.385    -1.22185
2.39    -1.21635
2.395    -1.21066
