2.1    2.75884
2.105    2.71424
2.11    2.68374
2.115    2.68511
2.12    2.69675
2.125    2.67156
2.13    2.65975
2.135    2.64015
2.14    2.62047
2.145    2.60768
2.15    2.58834
2.155    2.56713
2.16    2.54895
2.165    2.5322
2.17    2.5113
2.175    2.48643
2.18    2.46773
2.185    2.44861
2.19    2.4308
2.195    2.40476
2.2    2.38869
2.205    2.36965
2.21    2.35002
2.215    2.32598
2.22    2.30252
2.225    2.26758
2.23    2.24446
2.235    2.22009
2.24    2.18922
2.245    2.16371
2.25    2.14457
2.255    2.10364
2.26    2.07997
2.265    2.04032
2.27    2.01348
2.275    1.98115
2.28    1.94148
2.285    1.89554
2.29    1.86963
2.295    1.85739
2.3    1.83115
2.305    1.79531
2.31    1.76025
2.315    1.74138
2.32    1.72536
2.325    1.69857
2.33    1.67367
2.335    1.65671
2.34    1.63561
2.345    1.6214
2.35    1.60079
2.355    1.58628
2.36    1.56834
2.365    1.55205
2.37    1.53741
2.375    1.51953
2.38    1.50378
2.385    1.49258
2.39    1.47345
2.395    1.46365
