2.1    0.75312
2.105    0.749541
2.11    0.744749
2.115    0.739447
2.12    0.73462
2.125    0.729303
2.13    0.723588
2.135    0.718806
2.14    0.712126
2.145    0.704768
2.15    0.699297
2.155    0.693527
2.16    0.683139
2.165    0.678407
2.17    0.670319
2.175    0.66292
2.18    0.65515
2.185    0.647394
2.19    0.638376
2.195    0.626518
2.2    0.61514
2.205    0.608314
2.21    0.593847
2.215    0.587457
2.22    0.572971
2.225    0.556418
2.23    0.543095
2.235    0.52435
2.24    0.512404
2.245    0.496078
2.25    0.481629
2.255    0.461341
2.26    0.428879
2.265    0.417083
2.27    0.389824
2.275    0.365926
2.28    0.342308
2.285    0.316319
2.29    0.286807
2.295    0.257821
2.3    0.248905
2.305    0.21645
2.31    0.201287
2.315    0.179363
2.32    0.160375
2.325    0.147023
2.33    0.129599
2.335    0.124953
2.34    0.110967
2.345    0.0993147
2.35    0.0895193
2.355    0.0837317
2.36    0.079146
2.365    0.0701068
2.37    0.0656281
2.375    0.0589633
2.38    0.05807
2.385    0.0519306
2.39    0.0502743
2.395    0.0485698
