2.1    0.863481
2.105    0.774655
2.11    0.733415
2.115    0.783972
2.12    0.854698
2.125    0.841059
2.13    0.843655
2.135    0.837143
2.14    0.829528
2.145    0.836854
2.15    0.828021
2.155    0.821088
2.16    0.816517
2.165    0.819631
2.17    0.813018
2.175    0.794172
2.18    0.790697
2.185    0.786036
2.19    0.790083
2.195    0.774976
2.2    0.777955
2.205    0.771246
2.21    0.771368
2.215    0.759346
2.22    0.752476
2.225    0.728568
2.23    0.707027
2.235    0.708426
2.24    0.687184
2.245    0.677887
2.25    0.67966
2.255    0.63068
2.26    0.62451
2.265    0.583085
2.27    0.571655
2.275    0.542443
2.28    0.47635
2.285    0.392023
2.29    0.378185
2.295    0.402986
2.3    0.382706
2.305    0.321583
2.31    0.263035
2.315    0.257002
2.32    0.262015
2.325    0.216328
2.33    0.187261
2.335    0.173072
2.34    0.176969
2.345    0.150307
2.35    0.150787
2.355    0.159354
2.36    0.13588
2.365    0.114782
2.37    0.129714
2.375    0.113447
2.38    0.104574
2.385    0.110022
2.39    0.09799
2.395    0.0960713
