2.1    0.866327
2.105    0.861507
2.11    0.861077
2.115    0.843203
2.12    0.852552
2.125    0.847432
2.13    0.847322
2.135    0.843711
2.14    0.836491
2.145    0.836698
2.15    0.825895
2.155    0.829457
2.16    0.824754
2.165    0.820579
2.17    0.814002
2.175    0.804589
2.18    0.795355
2.185    0.796613
2.19    0.782878
2.195    0.786848
2.2    0.772838
2.205    0.774635
2.21    0.756338
2.215    0.745849
2.22    0.748665
2.225    0.746595
2.23    0.73903
2.235    0.703346
2.24    0.70403
2.245    0.665064
2.25    0.656229
2.255    0.646342
2.26    0.610149
2.265    0.600157
2.27    0.554871
2.275    0.547127
2.28    0.503636
2.285    0.498088
2.29    0.51253
2.295    0.405297
2.3    0.411952
2.305    0.39201
2.31    0.316821
2.315    0.291613
2.32    0.264169
2.325    0.275044
2.33    0.254489
2.335    0.222442
2.34    0.200748
2.345    0.202718
2.35    0.181422
2.355    0.173508
2.36    0.178077
2.365    0.165579
2.37    0.155125
2.375    0.145778
2.38    0.14728
2.385    0.134708
2.39    0.130267
2.395    0.122053
