2.1    0.868612
2.105    0.865921
2.11    0.863363
2.115    0.859726
2.12    0.857087
2.125    0.852841
2.13    0.850125
2.135    0.846794
2.14    0.842638
2.145    0.839407
2.15    0.836611
2.155    0.831819
2.16    0.827775
2.165    0.822267
2.17    0.818758
2.175    0.813482
2.18    0.807037
2.185    0.803351
2.19    0.796277
2.195    0.791894
2.2    0.783989
2.205    0.778845
2.21    0.772859
2.215    0.756576
2.22    0.753248
2.225    0.744682
2.23    0.734273
2.235    0.732641
2.24    0.714851
2.245    0.698837
2.25    0.694097
2.255    0.672713
2.26    0.66423
2.265    0.64919
2.27    0.628169
2.275    0.617244
2.28    0.603877
2.285    0.581866
2.29    0.563052
2.295    0.547752
2.3    0.520784
2.305    0.507537
2.31    0.490254
2.315    0.477619
2.32    0.461778
2.325    0.433163
2.33    0.427144
2.335    0.411475
2.34    0.398461
2.345    0.378642
2.35    0.365877
2.355    0.346902
2.36    0.340611
2.365    0.318019
2.37    0.309251
2.375    0.30479
2.38    0.291295
2.385    0.279664
2.39    0.273589
2.395    0.260546
