2.1    0.751858
2.105    0.744618
2.11    0.742775
2.115    0.7229
2.12    0.72988
2.125    0.7227
2.13    0.719286
2.135    0.713916
2.14    0.703383
2.145    0.701871
2.15    0.686536
2.155    0.689584
2.16    0.68219
2.165    0.676135
2.17    0.665232
2.175    0.65331
2.18    0.639177
2.185    0.637587
2.19    0.621652
2.195    0.622254
2.2    0.60539
2.205    0.604993
2.21    0.580125
2.215    0.569136
2.22    0.56669
2.225    0.560861
2.23    0.549735
2.235    0.508955
2.24    0.504856
2.245    0.460959
2.25    0.453133
2.255    0.434183
2.26    0.397904
2.265    0.379978
2.27    0.335692
2.275    0.326573
2.28    0.284784
2.285    0.274423
2.29    0.292133
2.295    0.203804
2.3    0.203295
2.305    0.189838
2.31    0.13338
2.315    0.117482
2.32    0.0984912
2.325    0.104899
2.33    0.0907179
2.335    0.075055
2.34    0.0587821
2.345    0.060222
2.35    0.0499556
2.355    0.0453224
2.36    0.045075
2.365    0.041831
2.37    0.0368204
2.375    0.0323877
2.38    0.0324787
2.385    0.0274658
2.39    0.0261058
2.395    0.0231053
