2.1    -1.66079
2.105    -1.64714
2.11    -1.63778
2.115    -1.63831
2.12    -1.64199
2.125    -1.63427
2.13    -1.63067
2.135    -1.62464
2.14    -1.61856
2.145    -1.61463
2.15    -1.60861
2.155    -1.60199
2.16    -1.59631
2.165    -1.59106
2.17    -1.58447
2.175    -1.57657
2.18    -1.57062
2.185    -1.56453
2.19    -1.55883
2.195    -1.55045
2.2    -1.54528
2.205    -1.5391
2.21    -1.53272
2.215    -1.52485
2.22    -1.51709
2.225    -1.50552
2.23    -1.49779
2.235    -1.48966
2.24    -1.47921
2.245    -1.47057
2.25    -1.46406
2.255    -1.44997
2.26    -1.4418
2.265    -1.42794
2.27    -1.41854
2.275    -1.40705
2.28    -1.39289
2.285    -1.37632
2.29    -1.36693
2.295    -1.36244
2.3    -1.35275
2.305    -1.33949
2.31    -1.32637
2.315    -1.31923
2.32    -1.31317
2.325    -1.30293
2.33    -1.29338
2.335    -1.28682
2.34    -1.2786
2.345    -1.27304
2.35    -1.26492
2.355    -1.25917
2.36    -1.25203
2.365    -1.24553
2.37    -1.23964
2.375    -1.2324
2.38    -1.22601
2.385    -1.22143
2.39    -1.21358
2.395    -1.20954
